10
-0.9826635649227325 -1.250206761246003 -2.8775185344199548
-0.7169587621983325 -0.6652744460398031 -2.1111921513267347
0.11632372834899998 -0.808544013252 0.5768243868738
-2.8609631131020192 -1.0309038897917604 -0.6238275524387683
-2.0248977447360192 -0.5178002679517604 -0.4296142844207683
0.4787142776800001 -0.8552088993 0.19861892784000001
-2.1795003267731357 -0.6758282703953231 2.434751299931868
-1.5838395280603357 -0.25655255001332317 1.7496264935738681
0.278327167028 -0.9078503246499998 -0.313594122878
0.675255602628614 -0.6927111055479888 3.197637815276762
0.5059297584852139 -0.28387076830886876 2.300877845957482
-0.1245316706676 -0.9114823548627201 -0.39203792120088005
3.598124596674782 -1.3365078917763542 1.2082878415839378
2.810644829780782 -0.7906954988423542 0.9219949766599378
-0.534019064962 -0.836146417018 -0.12522234766600002
2.8202022878683226 -1.5696076777124084 -1.8649838459802057
2.1517554887923227 -0.9713493278804084 -1.4230935393302055
-0.46671592366799997 -0.7999931003140002 0.37707931308
1.6653615138530324 -1.3093822539109738 -2.5540976170543637
1.2188133405206325 -0.7272840945713739 -1.8745706830091435
-0.2978238666918 -0.8128434976900001 0.5005864721883999
-2.6860410436504942 0.9732307972237326 -2.9694892184877446
-2.0091214411171543 0.9337996238125327 -2.2344878162132447
-0.06067974973056 -0.9981557223719999 0.0023358936228000046
-3.877348385348314 1.50368962932781 1.0791126624911065
-2.920796811805514 1.34081087056421 0.8372872939311065
-0.149132186885 -0.9860271462179999 0.07422820671639999
2.146996705603724 1.008011838138948 -3.1557538268537826
1.611102971185724 0.961470345995348 -2.3127545013042625
0.0604758302052 -0.9980285480500001 -0.016656183216399997
